
16777211 16777207 16777214 16776697 16777215 16777215 16776188 16776447 16775934 16776447 16775934 16776447 16776447 16776191 16776447 16776191 16777215 16776958 16777214 16777214 16777213 16777213 16777213 16777213 16775935 16775935 16775935 16776447 16775418 16776959 16776958 16777214 
16777215 16775416 16777215 16776959 16776959 16776447 16776447 16775422 16777215 16777215 16777215 16777215 16777215 16777215 16777215 16777215 16776447 16776959 16776959 16776959 16777215 16776958 16777215 16777214 16776445 16777215 16777215 16777215 16777215 16777215 16776958 16777215 
16775935 16776191 16776191 16776447 16774906 16775677 16776447 16776447 16776439 16777213 16777212 16776439 16777211 16777213 16777212 16777213 16776191 16776191 16776447 16776703 16776959 16776959 16776959 16776959 16777213 16777213 16777213 16777209 16777213 16777213 16777212 16775927 
16775163 16776959 16776445 16776699 16777213 16777213 16776438 16777213 16776702 16776959 16776959 16776959 16776959 16776959 16776959 16776959 16776955 16777212 16777213 16776441 16777213 16776700 16777214 16777214 16777214 16777209 16777213 16776953 16776182 16777214 16777215 16777215 
16777213 16769757 16769241 16768213 16767185 16765129 16766925 16773607 16775671 16774643 16775928 16776956 16775414 16774643 16774900 16774900 16776696 16776953 16777211 16775156 16777214 16775158 16775417 16775674 16774393 16775419 16776447 16776703 16777215 16777215 16772845 16777215 
16776437 16727350 16722985 16723246 16724019 16723764 16723510 16721711 16722728 16723756 16723242 16724528 16724014 16722728 16724014 16724013 16722220 16722222 16722736 16719911 16722742 16719917 16720175 16720177 16717616 16721984 16719665 16720946 16721712 16720680 16727100 16773357 
16776959 16720682 16740478 16751280 16755401 16758490 16763634 16764664 16766201 16771583 16767743 16767229 16768511 16767229 16769279 16768767 16767743 16767487 16766207 16760303 16762104 16756196 16755169 16754144 16753117 16754914 16751052 16757725 16752574 16737401 16721713 16768481 
16773629 16719152 16752830 16762350 16762877 16756717 16753125 16752613 16744387 16753639 16746186 16742588 16744901 16743102 16744387 16743359 16743355 16743869 16743874 16739764 16744137 16740285 16740543 16740803 16742083 16739508 16732817 16740515 16736645 16735344 16720942 16765394 
16771565 16722220 16754868 16759798 16768254 16751846 16751339 16749032 16741569 16751335 16741570 16741570 16741313 16741313 16741056 16741313 16741313 16741313 16741313 16741313 16741313 16741313 16741313 16741313 16742336 16741569 16732541 16741813 16736631 16733816 16724271 16767705 
16770023 16721706 16755639 16760826 16768511 16751589 16751339 16749546 16741569 16751335 16741570 16741570 16741313 16741313 16741056 16741313 16741313 16741313 16741313 16741313 16741313 16741313 16741313 16741313 16741822 16741826 16732541 16741042 16736631 16734587 16723756 16764621 
16771565 16722220 16755382 16760569 16768511 16751589 16751082 16749289 16741569 16751335 16741570 16741570 16741313 16741313 16741056 16741313 16741313 16741313 16741313 16741313 16741313 16741313 16741313 16741313 16741308 16742083 16733055 16740271 16736374 16735358 16722985 16763079 
16775420 16723248 16754097 16759027 16768511 16752103 16750825 16748004 16741569 16751335 16741570 16741570 16741313 16741313 16741056 16741313 16741313 16741313 16741313 16741313 16741313 16741313 16741313 16741313 16741565 16742083 16733312 16740271 16736374 16735101 16723499 16765906 
16776447 16723504 16753840 16759284 16768767 16752103 16750568 16747747 16741569 16751335 16741570 16741570 16741313 16741313 16741056 16741313 16741313 16741313 16741313 16741313 16741313 16741313 16741313 16741313 16742336 16741569 16733312 16741042 16736631 16734330 16724014 16772331 
16774392 16722991 16755125 16760826 16769279 16751589 16750568 16748518 16741569 16751335 16741570 16741570 16741313 16741313 16741056 16741313 16741313 16741313 16741313 16741313 16741313 16741313 16741313 16741313 16742850 16741055 16733312 16741556 16736888 16733559 16724528 16776957 
16774392 16722991 16755125 16761340 16769535 16751589 16750311 16748775 16741569 16751335 16741570 16741570 16741313 16741313 16741056 16741313 16741313 16741313 16741313 16741313 16741313 16741313 16741313 16741313 16742850 16740798 16733312 16741556 16736888 16733302 16724014 16777214 
16776447 16723761 16754354 16760055 16769535 16751846 16750311 16748004 16741569 16751335 16741570 16741570 16741313 16741313 16741056 16741313 16741313 16741313 16741313 16741313 16741313 16741313 16741313 16741313 16742593 16740541 16733312 16741299 16736888 16733559 16723499 16776186 
16774655 16721705 16752822 16760297 16761337 16749014 16748759 16753620 16741308 16748247 16742336 16741822 16741565 16741823 16742080 16741052 16740279 16740536 16741050 16741564 16741821 16742335 16742335 16742335 16745661 16743347 16733575 16742569 16732021 16735354 16718124 16774655 
16776447 16724525 16737643 16736631 16734844 16734592 16733818 16733030 16730979 16735092 16732523 16732265 16733294 16733808 16735093 16734065 16733810 16734067 16734324 16734838 16735095 16735352 16735352 16735352 16733307 16736134 16733302 16734585 16737402 16736629 16724283 16771052 
16776178 16725545 16727858 16719904 16723263 16717612 16721458 16723759 16722223 16722480 16722993 16719910 16723250 16720939 16722224 16720940 16720938 16721451 16721708 16721965 16722222 16722222 16722222 16722222 16719410 16719409 16719917 16724026 16721960 16723755 16725289 16774888 
16776959 16774653 16772595 16723005 16752338 16757738 16764665 16754127 16752860 16751061 16752346 16745151 16751319 16745408 16744894 16744637 16744379 16744379 16744636 16744636 16744636 16744636 16744379 16744379 16736129 16747951 16738176 16733801 16726076 16774900 16773863 16777211 
16776957 16775167 16776191 16719920 16752098 16750564 16766463 16752355 16749544 16748259 16749287 16739521 16749287 16740806 16738751 16740550 16739266 16739523 16739523 16739523 16739523 16739266 16739009 16739009 16731775 16744626 16735106 16737668 16719917 16776447 16777211 16776438 
16777209 16775423 16777209 16720938 16752355 16750048 16764159 16751071 16750053 16750053 16750824 16739773 16751596 16741830 16739774 16741830 16741315 16741315 16741315 16741315 16741058 16741058 16740801 16740544 16732296 16743605 16734086 16733820 16720693 16775423 16776445 16777215 
16777211 16772857 16777208 16727094 16751581 16754153 16769279 16752861 16751326 16752097 16752611 16741303 16752611 16742588 16741304 16742075 16742331 16742331 16742331 16742588 16742331 16742074 16742074 16741817 16732039 16743860 16733829 16733305 16721464 16775167 16776185 16777215 
16777207 16774399 16777210 16721700 16752098 16754152 16766456 16755684 16750559 16751587 16752358 16741564 16751844 16742079 16742336 16741565 16741822 16742079 16742079 16742079 16742079 16741822 16741822 16741565 16732545 16745395 16734850 16738181 16720426 16777214 16777205 16777208 
16776956 16776959 16776702 16723500 16750818 16751337 16771070 16750566 16751075 16751333 16750305 16742081 16751076 16742595 16741310 16741310 16742080 16742080 16742080 16742337 16742336 16742079 16741308 16740537 16733058 16745404 16732547 16735357 16723247 16777213 16777214 16775423 
16776956 16776959 16776702 16723500 16750561 16751080 16770813 16750309 16751075 16751333 16750562 16742081 16751076 16742595 16741567 16741310 16742080 16741823 16741823 16742080 16742336 16741822 16741308 16740537 16733058 16745147 16732547 16735357 16722990 16777213 16777214 16775423 
16777213 16776959 16776702 16723243 16750304 16750823 16770556 16750052 16751075 16751333 16750562 16742338 16751076 16742595 16741567 16741567 16741823 16741823 16741823 16741823 16742079 16741822 16741308 16740794 16733315 16744633 16732547 16735614 16722990 16777213 16777214 16775423 
16777214 16776959 16776702 16723243 16750047 16750566 16770299 16749795 16751332 16751333 16750562 16742338 16751076 16742595 16741567 16741567 16741823 16741566 16741566 16741823 16742079 16741822 16741308 16740794 16733315 16743862 16732547 16735614 16722733 16777213 16777214 16775679 
16777214 16776959 16776702 16722986 16750047 16750566 16770299 16750052 16751332 16751333 16750562 16742338 16751076 16742852 16741567 16741567 16741823 16741566 16741566 16741566 16741822 16741822 16741565 16741308 16733572 16743091 16732547 16735871 16722476 16777213 16777214 16775679 
16777214 16776959 16776702 16722986 16750047 16750566 16770556 16750309 16751332 16751590 16750819 16742338 16751333 16742852 16741824 16741567 16742080 16741823 16741566 16741823 16742079 16742079 16741822 16741565 16733829 16742063 16732804 16735871 16722219 16777213 16776957 16775679 
16777214 16776959 16776702 16722986 16750047 16750823 16771070 16750823 16751332 16751590 16750819 16742595 16751333 16742852 16741824 16741824 16742337 16741823 16741566 16741823 16742079 16742336 16742079 16742079 16733829 16741549 16732804 16736128 16722219 16777213 16776957 16775679 
16777214 16776959 16776702 16722986 16750304 16751080 16771327 16751080 16751332 16751590 16750819 16742595 16751333 16742852 16741824 16741824 16742337 16742080 16741823 16741823 16742336 16742336 16742336 16742079 16734086 16741292 16732804 16736128 16721962 16777213 16776700 16775679 